%YAML:1.0

# Camera calibration parameters 
Camera.fx: 1045.084783
Camera.fy: 1047.671030
Camera.cx: 968.818777
Camera.cy: 475.426074

Camera.k1: -0.323764
Camera.k2: 0.069754
Camera.p1: -0.001221
Camera.p2: -0.000887

# 360 omnidirectional camera bounds (donut image)
Image.width: 1920
Image.height: 1080